0.33 0.08 0.50 0.08 1.00 0.92 0.00 1.00 7 180 181
0.29 0.38 0.79 0.17 0.00 0.04 1.00 0.04 7 68 70
0.18 0.55 0.73 1.00 0.09 1.00 1.00 0.00 8 110 110
0.25 0.19 0.12 0.06 0.06 0.94 0.94 0.00 7 96 98
0.50 0.25 0.05 0.90 0.05 0.05 0.00 0.00 7 9 11
0.62 0.31 0.75 0.00 1.00 0.00 1.00 1.00 7 213 215
0.22 0.44 0.11 1.00 1.00 0.11 0.00 0.00 7 26 27
0.29 0.07 0.07 0.14 0.07 0.93 0.93 1.00 8 224 224
0.19 0.19 0.50 0.94 1.00 0.06 0.12 0.06 8 28 28
0.13 0.40 0.53 0.00 1.00 0.07 0.07 0.13 7 20 22
0.17 0.25 0.08 0.75 0.25 0.92 0.17 0.00 7 40 42
0.50 0.45 0.80 1.00 0.10 0.10 0.05 0.00 8 15 15
0.33 0.22 0.78 0.00 1.00 1.00 0.89 1.00 7 244 245
0.14 0.57 0.14 0.71 0.14 0.93 1.00 0.93 8 234 234
0.42 0.67 0.00 1.00 0.00 0.08 1.00 1.00 7 203 202
0.31 0.38 0.12 0.88 0.06 0.00 0.75 0.94 6 200 203
0.43 0.19 0.57 0.95 1.00 0.10 0.29 0.90 7 157 156
0.57 0.29 0.00 0.14 0.00 1.00 1.00 0.00 8 97 97
0.29 0.48 0.71 0.00 0.00 1.00 0.95 0.05 8 102 102
0.23 0.14 0.00 0.95 0.05 0.82 0.91 0.95 8 232 232
0.24 0.29 0.82 1.00 0.00 1.00 1.00 0.12 6 108 111
0.33 0.38 0.05 0.19 0.05 0.95 0.10 1.00 7 160 162
0.33 0.50 0.11 1.00 0.06 0.94 0.11 0.94 8 170 170
0.20 0.20 0.67 1.00 0.00 0.00 0.27 1.00 8 140 140
0.43 0.21 0.00 0.14 1.00 1.00 0.07 0.93 7 177 176
0.38 0.14 0.19 0.10 0.95 0.90 0.05 1.00 7 176 177
0.47 0.32 0.74 0.95 0.95 1.00 1.00 0.11 7 125 127
0.50 0.50 0.81 0.00 1.00 1.00 1.00 0.94 8 247 247
0.28 0.44 0.06 1.00 0.89 0.94 0.00 0.00 8 58 58
0.28 0.56 0.11 0.06 0.94 1.00 0.06 1.00 8 178 178
0.58 0.26 0.79 0.16 0.05 0.74 0.00 0.05 8 37 37
0.25 0.50 0.15 0.95 0.85 0.00 0.10 0.95 8 154 154
0.15 0.08 0.08 0.15 0.15 0.08 0.08 0.23 8 0 0
0.25 0.19 0.50 0.94 0.06 0.00 1.00 0.06 8 76 76
0.47 0.21 0.47 0.84 0.00 0.00 0.95 0.11 6 77 78
0.50 0.44 0.00 0.06 0.06 0.94 1.00 1.00 8 227 227
0.25 0.00 0.08 0.08 0.00 0.92 0.00 1.00 8 160 160
0.12 0.44 0.56 0.75 0.12 1.00 0.06 0.00 8 46 46
0.38 0.38 0.06 0.00 1.00 0.06 1.00 0.06 7 80 82
0.63 0.21 0.16 0.11 0.95 1.00 0.89 0.05 7 113 115
0.20 0.20 0.13 0.80 0.13 0.93 1.00 0.93 7 232 234
0.30 0.30 0.55 0.85 0.95 0.20 0.90 0.05 7 92 94
0.41 0.06 0.00 0.00 0.94 1.00 0.88 1.00 8 241 241
0.50 0.50 0.12 0.00 1.00 1.00 0.88 0.06 8 115 115
0.40 0.05 0.15 0.95 0.95 0.00 0.00 1.00 8 152 152
0.20 0.10 0.70 0.10 1.00 1.00 0.00 0.10 8 52 52
0.46 0.21 0.04 0.96 0.96 0.96 0.08 0.00 8 57 57
0.21 0.21 0.00 0.07 1.00 1.00 0.00 0.00 8 48 48
0.46 0.23 0.31 0.92 0.08 0.92 0.08 0.08 7 41 43
0.39 0.33 0.33 0.89 0.06 0.06 1.00 0.11 6 72 75
0.33 0.07 0.53 1.00 0.93 1.00 1.00 0.00 8 124 124
0.14 0.36 0.43 1.00 1.00 0.00 0.00 1.00 8 156 156
0.50 0.25 0.44 0.81 0.00 0.06 0.88 0.00 8 77 77
0.37 0.07 0.04 0.89 0.07 0.04 0.96 0.04 8 72 72
0.27 0.27 0.20 0.07 0.00 1.00 1.00 1.00 8 224 224
0.22 0.50 0.56 0.89 0.11 0.94 1.00 0.94 8 238 238
0.33 0.67 0.33 0.75 0.08 1.00 0.00 0.08 7 42 43
0.43 0.19 0.19 0.95 0.14 0.81 0.05 0.10 8 41 41
0.68 0.42 0.42 0.95 0.16 0.95 1.00 0.00 8 111 111
0.23 0.08 0.08 0.08 1.00 0.15 0.08 0.92 7 144 145
0.41 0.22 0.56 0.00 1.00 0.93 0.04 0.04 7 53 52
0.25 0.31 0.50 0.12 1.00 1.00 0.94 0.06 6 116 119
0.21 0.32 0.58 0.95 1.00 0.05 0.95 0.00 8 92 92
0.45 0.65 0.15 0.00 0.95 1.00 1.00 1.00 8 243 243
0.47 0.33 0.40 0.07 0.13 0.93 0.07 0.00 7 33 37
0.31 0.31 0.00 0.12 0.88 0.06 1.00 1.00 7 208 210
0.33 0.43 0.67 0.95 1.00 0.05 0.95 0.95 8 222 222
0.32 0.45 0.23 0.09 0.05 0.91 1.00 1.00 8 226 226
0.05 0.37 0.11 0.11 0.89 1.00 0.95 0.00 8 112 112
0.57 0.43 0.07 0.14 0.86 0.00 0.00 0.00 7 19 17
0.33 0.40 0.27 0.20 0.00 1.00 1.00 0.93 6 224 227
0.42 0.21 0.42 0.11 0.89 0.95 0.05 0.11 7 53 52
0.14 0.19 0.05 0.10 0.86 0.95 0.05 0.14 8 48 48
0.17 0.39 0.56 0.22 0.89 0.89 0.06 1.00 7 180 182
0.46 0.77 0.23 0.00 0.92 0.00 0.77 0.08 8 83 83
0.28 0.17 0.06 0.11 0.94 0.06 1.00 0.06 8 80 80
0.23 0.23 0.55 0.91 0.14 0.91 1.00 0.95 7 236 238
0.32 0.11 0.68 0.84 0.84 0.05 0.95 0.89 8 220 220
0.29 0.53 0.00 0.82 1.00 0.12 0.94 1.00 7 218 219
0.00 0.29 0.86 0.86 1.00 1.00 1.00 0.00 7 124 126
0.35 0.45 0.15 0.10 0.00 0.90 1.00 0.15 7 98 96
0.31 0.50 0.69 0.12 0.06 0.00 1.00 1.00 7 198 199
0.18 0.29 0.24 0.06 0.12 0.00 1.00 0.00 8 64 64
0.30 0.15 0.80 0.10 0.85 0.85 0.95 0.05 8 116 116
0.36 0.09 0.36 1.00 1.00 1.00 1.00 1.00 6 248 253
0.41 0.09 0.41 0.09 0.82 0.14 0.05 0.09 8 21 21
0.50 0.71 0.71 0.07 0.86 0.07 1.00 0.07 8 87 87
0.36 0.52 0.52 0.16 0.00 0.00 0.96 1.00 8 198 198
0.48 0.48 0.48 0.86 0.10 0.10 0.00 0.95 8 143 143
0.54 0.50 0.50 0.88 0.29 0.08 0.21 0.04 8 15 15
0.17 0.33 0.08 0.08 0.88 0.96 0.96 0.00 7 112 114
0.26 0.42 0.16 0.05 0.00 0.95 0.95 0.00 7 98 99
0.52 0.29 0.14 0.81 0.14 0.90 0.90 0.95 8 233 233
0.20 0.25 0.55 0.00 0.05 0.10 0.95 0.05 8 68 68
0.35 0.47 0.47 0.88 0.12 0.06 0.00 0.06 8 14 14
0.29 0.14 0.43 0.79 0.86 0.07 0.00 0.00 7 28 29
0.23 0.23 0.08 0.00 0.23 1.00 0.31 0.00 7 32 34
0.18 0.55 0.09 0.77 0.95 0.95 1.00 0.09 7 122 123
0.35 0.25 0.75 0.95 0.20 0.90 0.05 0.80 7 172 173
0.30 0.17 0.61 0.09 0.96 0.00 1.00 1.00 7 212 213
